# f [Hertz], U_Br [Volt], U_s [Volt], U_Br,eff [Volt]
   20       560e-3     2500e-3      198e-3
   40       510e-3     2500e-3      180e-3
   80       390e-3     2600e-3      138e-3
  160       150e-3     2700e-3       53e-3
  170       105e-3     2500e-3      46e-3
  180        85e-3     2600e-3      35e-3
  190        72e-3     2400e-3      27e-3
  200        60e-3     2500e-3      22e-3
  210        50e-3     2600e-3      18e-3
  220        40e-3     2700e-3      14e-3
  230        25e-3     2600e-3      7e-3
  240         2e-3     2750e-3      0.71e-3
  250        15e-3     2500e-3      8e-3
  260        30e-3     2750e-3      11e-3
  270        44e-3     2600e-3      16e-3
  280        60e-3     2750e-3      21e-3
  290        63e-3     2600e-3      24e-3
  300        72e-3     2500e-3      28e-3
  310        82e-3     2400e-3      32e-3 
  320       100e-3     2750e-3      35e-3
  330       115e-3     2600e-3      45e-3
  340       121e-3     2500e-3      52e-3
  350       135e-3     2400e-3      60e-3
  500       250e-3     2500e-3      101e-3
  600       320e-3     2700e-3      113e-3
 1200       500e-3     2600e-3      177e-3
 2500       560e-3     2600e-3      198e-3
 5000       600e-3     2500e-3      212e-3
10000       580e-3     2500e-3      205e-3
20000       550e-3     2300e-3      200e-3
30000       300e-3     1000e-3      120e-3