#   Ampere      Magnetfeldstärke    T für 10 Perioden   gem. Periodendauer T
0.0 1.5   0.002034138191114878   13.2    1.320
1.0 1.7   0.002305356616596861   11.23   1.123
2.0 1.9   0.002576575042078845   10.43   1.043
3.0 2.1   0.0028477934675608285  9.56    0.956
4.0 2.3   0.0031190118930428117  9.47    0.947
5.0 2.5   0.0033902303185247952  8.96    0.896
6.0 2.7   0.0036614487440067797  8.3     0.830
7.0 2.9   0.003932667169488763   8.16    0.816
8.0 3.1   0.004203885594970746   8.21    0.821
9.0 3.3   0.00447510402045273    7.7     0.770
10  3.5   0.0047463224459347135  7.6     0.760