-713.2   -10    -7018.2     -560364.5
-696.8   -9     -6316.3     -548019.4
-678.9   -8     -5614.5     -534480.9
-660.2   -7     -4912.7     -520306.1
-637.1   -6     -4210.9     -502630.8
-607.1   -5     -3509.1     -479466.2
-573.1   -4     -2807.3     -453119.5
-527.0   -3     -2105.4     -417146.8
-463.2   -2     -1403.6     -367092.8
-330.3   -1     -701.8      -262066.7
-123.6   0      0           -98329.4
77.8     1      701.8       61191.6
257.5   2       1403.6      203449.2
391.9   3       2105.4      309668.7
484.0   4       2807.3      382236.5
542.8   5       3509.1      428312.7
591.1   6       4210.9      466035.7
626.8   7       4912.7      493734.9
658.3   8       5614.5      518092.7
686.2   9       6316.3      539586.6
718.9   10      7018.2      564899.1

