704.3   10      7018.2      553284.1
685.4   9       6316.3      538950.2
674.5   8       5614.5      530980.6
653.3   7       4912.7      514816.8
630.7   6       4210.9      497539.3
592.4   5       3509.1      467771.7
571.0   4       2807.3      451448.9
525.0   3       2105.4      415555.7
461.3   2       1403.6      365581.3
343.0   1       701.8       272170.1
129.0   0       0           102625.3
-78.1   -1      -701.8      -61430.3
-251.1  -2      -1403.6     -198357.7
-395.8  -3      -2105.4     -312771.3
-480.0  -4      -2807.3     -379054.3
-541.7  -5      -3509.1     -427437.6
-586.4  -6      -4210.9     -462296.7
-626.7  -7      -4912.7     -493655.3
-657.0  -8      -5614.5     -517058.5
-685.5  -9      -6316.3     -539029.8
-713.2  -10     -7018.2     -560364.5